12 13 14 15 16 17 18 20 22 31 38 47 
12 13 14 15 16 17 18 20 22 31 38 
12 13 14 15 16 17 18 20 22 31 47 
12 13 14 15 16 17 18 20 22 31 
12 13 14 15 16 17 18 20 22 38 47 
12 13 14 15 16 17 18 20 22 38 
12 13 14 15 16 17 18 20 22 47 
12 13 14 15 16 17 18 20 22 
12 13 14 15 16 17 18 20 31 38 47 
12 13 14 15 16 17 18 20 31 38 
12 13 14 15 16 17 18 20 31 47 
12 13 14 15 16 17 18 20 31 
12 13 14 15 16 17 18 20 38 47 
12 13 14 15 16 17 18 20 38 
12 13 14 15 16 17 18 20 47 
12 13 14 15 16 17 18 20 
12 13 14 15 16 17 18 22 31 38 47 
12 13 14 15 16 17 18 22 31 38 
12 13 14 15 16 17 18 22 31 47 
12 13 14 15 16 17 18 22 31 
12 13 14 15 16 17 18 22 38 47 
12 13 14 15 16 17 18 22 38 
12 13 14 15 16 17 18 22 47 
12 13 14 15 16 17 18 22 
12 13 14 15 16 17 18 31 38 47 
12 13 14 15 16 17 18 31 38 
12 13 14 15 16 17 18 31 47 
12 13 14 15 16 17 18 31 
12 13 14 15 16 17 18 38 47 
12 13 14 15 16 17 18 38 
12 13 14 15 16 17 18 47 
12 13 14 15 16 17 18 
12 13 14 15 16 17 20 22 31 38 47 
12 13 14 15 16 17 20 22 31 38 
12 13 14 15 16 17 20 22 31 47 
12 13 14 15 16 17 20 22 31 
12 13 14 15 16 17 20 22 38 47 
12 13 14 15 16 17 20 22 38 
12 13 14 15 16 17 20 22 47 
12 13 14 15 16 17 20 22 
12 13 14 15 16 17 20 31 38 47 
12 13 14 15 16 17 20 31 38 
12 13 14 15 16 17 20 31 47 
12 13 14 15 16 17 20 31 
12 13 14 15 16 17 20 38 47 
12 13 14 15 16 17 20 38 
12 13 14 15 16 17 20 47 
12 13 14 15 16 17 20 
12 13 14 15 16 17 22 31 38 47 
12 13 14 15 16 17 22 31 38 
12 13 14 15 16 17 22 31 47 
12 13 14 15 16 17 22 38 47 
12 13 14 15 16 17 22 38 
12 13 14 15 16 17 22 47 
12 13 14 15 16 17 31 38 47 
12 13 14 15 16 17 31 38 
12 13 14 15 16 17 31 47 
12 13 14 15 16 17 38 47 
12 13 14 15 16 17 38 
12 13 14 15 16 17 47 
12 13 14 15 16 18 20 22 31 38 47 
12 13 14 15 16 18 20 22 31 38 
12 13 14 15 16 18 20 22 31 47 
12 13 14 15 16 18 20 22 31 
12 13 14 15 16 18 20 22 38 47 
12 13 14 15 16 18 20 22 38 
12 13 14 15 16 18 20 22 47 
12 13 14 15 16 18 20 22 
12 13 14 15 16 18 20 31 38 47 
12 13 14 15 16 18 20 31 38 
12 13 14 15 16 18 20 31 47 
12 13 14 15 16 18 20 31 
12 13 14 15 16 18 20 38 47 
12 13 14 15 16 18 20 38 
12 13 14 15 16 18 20 47 
12 13 14 15 16 18 20 
12 13 14 15 16 18 22 31 38 47 
12 13 14 15 16 18 22 31 38 
12 13 14 15 16 18 22 31 47 
12 13 14 15 16 18 22 38 47 
12 13 14 15 16 18 22 38 
12 13 14 15 16 18 22 47 
12 13 14 15 16 18 31 38 47 
12 13 14 15 16 18 31 38 
12 13 14 15 16 18 31 47 
12 13 14 15 16 18 38 47 
12 13 14 15 16 18 38 
12 13 14 15 16 18 47 
12 13 14 15 16 20 22 31 38 47 
12 13 14 15 16 20 22 31 38 
12 13 14 15 16 20 22 31 47 
12 13 14 15 16 20 22 38 47 
12 13 14 15 16 20 22 38 
12 13 14 15 16 20 22 47 
12 13 14 15 16 20 31 38 47 
12 13 14 15 16 20 31 38 
12 13 14 15 16 20 31 47 
12 13 14 15 16 20 38 47 
12 13 14 15 16 20 38 
12 13 14 15 16 20 47 
12 13 14 15 16 22 31 38 47 
12 13 14 15 16 22 38 47 
12 13 14 15 17 18 20 22 31 38 47 
12 13 14 15 17 18 20 22 31 38 
12 13 14 15 17 18 20 22 31 47 
12 13 14 15 17 18 20 22 31 
12 13 14 15 17 18 20 22 38 47 
12 13 14 15 17 18 20 22 38 
12 13 14 15 17 18 20 22 47 
12 13 14 15 17 18 20 22 
12 13 14 15 17 18 20 31 38 47 
12 13 14 15 17 18 20 31 38 
12 13 14 15 17 18 20 31 47 
12 13 14 15 17 18 20 31 
12 13 14 15 17 18 20 38 47 
12 13 14 15 17 18 20 38 
12 13 14 15 17 18 20 47 
12 13 14 15 17 18 20 
12 13 14 15 17 18 22 31 38 47 
12 13 14 15 17 18 22 31 38 
12 13 14 15 17 18 22 31 47 
12 13 14 15 17 18 22 31 
12 13 14 15 17 18 22 38 47 
12 13 14 15 17 18 22 38 
12 13 14 15 17 18 22 47 
12 13 14 15 17 18 22 
12 13 14 15 17 18 31 38 47 
12 13 14 15 17 18 31 38 
12 13 14 15 17 18 31 47 
12 13 14 15 17 18 31 
12 13 14 15 17 18 38 47 
12 13 14 15 17 18 38 
12 13 14 15 17 18 47 
12 13 14 15 17 18 
12 13 14 15 17 20 22 31 38 47 
12 13 14 15 17 20 22 31 38 
12 13 14 15 17 20 22 31 47 
12 13 14 15 17 20 22 31 
12 13 14 15 17 20 22 38 47 
12 13 14 15 17 20 22 38 
12 13 14 15 17 20 22 47 
12 13 14 15 17 20 22 
12 13 14 15 17 20 31 38 47 
12 13 14 15 17 20 31 38 
12 13 14 15 17 20 31 47 
12 13 14 15 17 20 31 
12 13 14 15 17 20 38 47 
12 13 14 15 17 20 38 
12 13 14 15 17 20 47 
12 13 14 15 17 20 
12 13 14 15 17 22 31 38 47 
12 13 14 15 17 22 31 38 
12 13 14 15 17 22 31 47 
12 13 14 15 17 22 31 
12 13 14 15 17 22 38 47 
12 13 14 15 17 22 38 
12 13 14 15 17 22 47 
12 13 14 15 17 22 
12 13 14 15 17 31 38 
12 13 14 15 17 31 
12 13 14 15 17 38 
12 13 14 15 18 20 22 31 38 47 
12 13 14 15 18 20 22 31 38 
12 13 14 15 18 20 22 31 47 
12 13 14 15 18 20 22 31 
12 13 14 15 18 20 22 38 47 
12 13 14 15 18 20 22 38 
12 13 14 15 18 20 22 47 
12 13 14 15 18 20 22 
12 13 14 15 18 20 31 38 47 
12 13 14 15 18 20 31 38 
12 13 14 15 18 20 31 47 
12 13 14 15 18 20 31 
12 13 14 15 18 20 38 47 
12 13 14 15 18 20 38 
12 13 14 15 18 20 47 
12 13 14 15 18 20 
12 13 14 15 18 22 31 38 47 
12 13 14 15 18 22 31 38 
12 13 14 15 18 22 31 47 
12 13 14 15 18 22 31 
12 13 14 15 18 22 38 47 
12 13 14 15 18 22 38 
12 13 14 15 18 22 47 
12 13 14 15 18 22 
12 13 14 15 18 31 38 
12 13 14 15 18 31 
12 13 14 15 20 22 31 38 47 
12 13 14 15 20 22 31 38 
12 13 14 15 20 22 31 47 
12 13 14 15 20 22 31 
12 13 14 15 20 22 38 47 
12 13 14 15 20 22 38 
12 13 14 15 20 22 47 
12 13 14 15 20 22 
12 13 14 15 20 31 38 
12 13 14 15 20 31 
12 13 14 15 20 38 
12 13 14 15 22 31 38 
12 13 14 15 22 38 
12 13 14 15 31 38 
12 13 14 16 17 18 20 22 31 38 47 
12 13 14 16 17 18 20 22 31 38 
12 13 14 16 17 18 20 22 31 47 
12 13 14 16 17 18 20 22 31 
12 13 14 16 17 18 20 22 38 47 
12 13 14 16 17 18 20 22 38 
12 13 14 16 17 18 20 22 47 
12 13 14 16 17 18 20 22 
12 13 14 16 17 18 20 31 38 47 
12 13 14 16 17 18 20 31 38 
12 13 14 16 17 18 20 31 47 
12 13 14 16 17 18 20 31 
12 13 14 16 17 18 20 38 47 
12 13 14 16 17 18 20 38 
12 13 14 16 17 18 20 47 
12 13 14 16 17 18 20 
12 13 14 16 17 18 22 31 38 47 
12 13 14 16 17 18 22 31 38 
12 13 14 16 17 18 22 31 47 
12 13 14 16 17 18 22 38 47 
12 13 14 16 17 18 22 38 
12 13 14 16 17 18 22 47 
12 13 14 16 17 18 31 38 47 
12 13 14 16 17 18 31 38 
12 13 14 16 17 18 31 47 
12 13 14 16 17 18 38 47 
12 13 14 16 17 18 38 
12 13 14 16 17 18 47 
12 13 14 16 17 20 22 31 38 47 
12 13 14 16 17 20 22 31 38 
12 13 14 16 17 20 22 31 47 
12 13 14 16 17 20 22 38 47 
12 13 14 16 17 20 22 38 
12 13 14 16 17 20 22 47 
12 13 14 16 17 20 31 38 47 
12 13 14 16 17 20 31 38 
12 13 14 16 17 20 31 47 
12 13 14 16 17 20 38 47 
12 13 14 16 17 20 38 
12 13 14 16 17 20 47 
12 13 14 16 17 22 31 38 47 
12 13 14 16 17 22 38 47 
12 13 14 16 18 20 22 31 38 47 
12 13 14 16 18 20 22 31 38 
12 13 14 16 18 20 22 31 47 
12 13 14 16 18 20 22 38 47 
12 13 14 16 18 20 22 38 
12 13 14 16 18 20 22 47 
12 13 14 16 18 20 31 38 47 
12 13 14 16 18 20 31 38 
12 13 14 16 18 20 31 47 
12 13 14 16 18 20 38 47 
12 13 14 16 18 20 38 
12 13 14 16 18 20 47 
12 13 14 16 18 22 31 38 47 
12 13 14 16 18 22 38 47 
12 13 14 16 20 22 31 38 47 
12 13 14 16 20 22 38 47 
12 13 14 17 18 20 22 31 38 47 
12 13 14 17 18 20 22 31 38 
12 13 14 17 18 20 22 31 47 
12 13 14 17 18 20 22 31 
12 13 14 17 18 20 22 38 47 
12 13 14 17 18 20 22 38 
12 13 14 17 18 20 22 47 
12 13 14 17 18 20 22 
12 13 14 17 18 20 31 38 47 
12 13 14 17 18 20 31 38 
12 13 14 17 18 20 31 47 
12 13 14 17 18 20 31 
12 13 14 17 18 20 38 47 
12 13 14 17 18 20 38 
12 13 14 17 18 20 47 
12 13 14 17 18 20 
12 13 14 17 18 22 31 38 47 
12 13 14 17 18 22 31 38 
12 13 14 17 18 22 31 47 
12 13 14 17 18 22 31 
12 13 14 17 18 22 38 47 
12 13 14 17 18 22 38 
12 13 14 17 18 22 47 
12 13 14 17 18 22 
12 13 14 17 18 31 38 
12 13 14 17 18 31 
12 13 14 17 20 22 31 38 47 
12 13 14 17 20 22 31 38 
12 13 14 17 20 22 31 47 
12 13 14 17 20 22 31 
12 13 14 17 20 22 38 47 
12 13 14 17 20 22 38 
12 13 14 17 20 22 47 
12 13 14 17 20 22 
12 13 14 17 20 31 38 
12 13 14 17 20 31 
12 13 14 17 20 38 
12 13 14 17 22 31 38 
12 13 14 17 22 38 
12 13 14 17 31 38 
12 13 14 18 20 22 31 38 47 
12 13 14 18 20 22 31 38 
12 13 14 18 20 22 31 47 
12 13 14 18 20 22 31 
12 13 14 18 20 22 38 47 
12 13 14 18 20 22 38 
12 13 14 18 20 22 47 
12 13 14 18 20 22 
12 13 14 18 20 31 38 
12 13 14 18 20 31 
12 13 14 18 22 31 38 
12 13 14 20 22 31 38 
12 13 14 20 22 38 
12 13 14 20 31 38 
12 13 15 16 17 18 20 22 31 38 47 
12 13 15 16 17 18 20 22 31 38 
12 13 15 16 17 18 20 22 31 47 
12 13 15 16 17 18 20 22 31 
12 13 15 16 17 18 20 22 38 47 
12 13 15 16 17 18 20 22 38 
12 13 15 16 17 18 20 22 47 
12 13 15 16 17 18 20 22 
12 13 15 16 17 18 20 31 38 47 
12 13 15 16 17 18 20 31 38 
12 13 15 16 17 18 20 31 47 
12 13 15 16 17 18 20 31 
12 13 15 16 17 18 20 38 47 
12 13 15 16 17 18 20 38 
12 13 15 16 17 18 20 47 
12 13 15 16 17 18 20 
12 13 15 16 17 18 22 31 38 47 
12 13 15 16 17 18 22 31 38 
12 13 15 16 17 18 22 31 47 
12 13 15 16 17 18 22 31 
12 13 15 16 17 18 22 38 47 
12 13 15 16 17 18 22 38 
12 13 15 16 17 18 22 47 
12 13 15 16 17 18 22 
12 13 15 16 17 18 31 38 47 
12 13 15 16 17 18 31 38 
12 13 15 16 17 18 31 47 
12 13 15 16 17 18 31 
12 13 15 16 17 18 38 47 
12 13 15 16 17 18 38 
12 13 15 16 17 18 47 
12 13 15 16 17 18 
12 13 15 16 17 20 22 31 38 47 
12 13 15 16 17 20 22 31 38 
12 13 15 16 17 20 22 31 47 
12 13 15 16 17 20 22 31 
12 13 15 16 17 20 22 38 47 
12 13 15 16 17 20 22 38 
12 13 15 16 17 20 22 47 
12 13 15 16 17 20 22 
12 13 15 16 17 20 31 38 47 
12 13 15 16 17 20 31 38 
12 13 15 16 17 20 31 47 
12 13 15 16 17 20 31 
12 13 15 16 17 20 38 47 
12 13 15 16 17 20 38 
12 13 15 16 17 20 47 
12 13 15 16 17 20 
12 13 15 16 17 22 31 38 47 
12 13 15 16 17 22 31 38 
12 13 15 16 17 22 38 47 
12 13 15 16 17 22 38 
12 13 15 16 17 22 47 
12 13 15 16 17 31 38 
12 13 15 16 17 38 
12 13 15 16 18 20 22 31 38 47 
12 13 15 16 18 20 22 31 38 
12 13 15 16 18 20 22 31 47 
12 13 15 16 18 20 22 31 
12 13 15 16 18 20 22 38 47 
12 13 15 16 18 20 22 38 
12 13 15 16 18 20 22 47 
12 13 15 16 18 20 22 
12 13 15 16 18 20 31 38 47 
12 13 15 16 18 20 31 38 
12 13 15 16 18 20 31 47 
12 13 15 16 18 20 31 
12 13 15 16 18 20 38 47 
12 13 15 16 18 20 38 
12 13 15 16 18 20 47 
12 13 15 16 18 20 
12 13 15 16 18 22 31 38 47 
12 13 15 16 18 22 31 38 
12 13 15 16 18 22 38 47 
12 13 15 16 18 22 38 
12 13 15 16 18 22 47 
12 13 15 16 18 31 38 
12 13 15 16 20 22 31 38 47 
12 13 15 16 20 22 31 38 
12 13 15 16 20 22 38 47 
12 13 15 16 20 22 38 
12 13 15 16 20 22 47 
12 13 15 16 20 31 38 
12 13 15 16 20 38 
12 13 15 17 18 20 22 31 38 47 
12 13 15 17 18 20 22 31 38 
12 13 15 17 18 20 22 31 47 
12 13 15 17 18 20 22 31 
12 13 15 17 18 20 22 38 47 
12 13 15 17 18 20 22 38 
12 13 15 17 18 20 22 47 
12 13 15 17 18 20 22 
12 13 15 17 18 20 31 38 47 
12 13 15 17 18 20 31 38 
12 13 15 17 18 20 31 47 
12 13 15 17 18 20 31 
12 13 15 17 18 20 38 47 
12 13 15 17 18 20 38 
12 13 15 17 18 20 47 
12 13 15 17 18 20 
12 13 15 17 18 22 31 38 47 
12 13 15 17 18 22 31 38 
12 13 15 17 18 22 31 47 
12 13 15 17 18 22 31 
12 13 15 17 18 22 38 47 
12 13 15 17 18 22 38 
12 13 15 17 18 22 47 
12 13 15 17 18 22 
12 13 15 17 18 31 38 
12 13 15 17 18 31 
12 13 15 17 20 22 31 38 47 
12 13 15 17 20 22 31 38 
12 13 15 17 20 22 31 47 
12 13 15 17 20 22 31 
12 13 15 17 20 22 38 47 
12 13 15 17 20 22 38 
12 13 15 17 20 22 47 
12 13 15 17 20 22 
12 13 15 17 20 31 38 
12 13 15 17 20 31 
12 13 15 17 20 38 
12 13 15 17 22 31 38 
12 13 15 17 22 38 
12 13 15 17 31 38 
12 13 15 18 20 22 31 38 47 
12 13 15 18 20 22 31 38 
12 13 15 18 20 22 31 47 
12 13 15 18 20 22 31 
12 13 15 18 20 22 38 47 
12 13 15 18 20 22 38 
12 13 15 18 20 22 47 
12 13 15 18 20 22 
12 13 15 18 20 31 38 
12 13 15 18 20 31 
12 13 15 18 22 31 38 
12 13 15 20 22 31 38 
12 13 15 20 22 38 
12 13 15 20 31 38 
12 13 16 17 18 20 22 31 38 47 
12 13 16 17 18 20 22 31 38 
12 13 16 17 18 20 22 31 47 
12 13 16 17 18 20 22 31 
12 13 16 17 18 20 22 38 47 
12 13 16 17 18 20 22 38 
12 13 16 17 18 20 22 47 
12 13 16 17 18 20 22 
12 13 16 17 18 20 31 38 47 
12 13 16 17 18 20 31 38 
12 13 16 17 18 20 31 47 
12 13 16 17 18 20 31 
12 13 16 17 18 20 38 47 
12 13 16 17 18 20 38 
12 13 16 17 18 20 47 
12 13 16 17 18 20 
12 13 16 17 18 22 31 38 47 
12 13 16 17 18 22 31 38 
12 13 16 17 18 22 38 47 
12 13 16 17 18 22 38 
12 13 16 17 18 22 47 
12 13 16 17 18 31 38 
12 13 16 17 20 22 31 38 47 
12 13 16 17 20 22 31 38 
12 13 16 17 20 22 38 47 
12 13 16 17 20 22 38 
12 13 16 17 20 22 47 
12 13 16 17 20 31 38 
12 13 16 17 20 38 
12 13 16 18 20 22 31 38 47 
12 13 16 18 20 22 31 38 
12 13 16 18 20 22 38 47 
12 13 16 18 20 22 38 
12 13 16 18 20 22 47 
12 13 16 18 20 31 38 
12 13 17 18 20 22 31 38 47 
12 13 17 18 20 22 31 38 
12 13 17 18 20 22 31 47 
12 13 17 18 20 22 31 
12 13 17 18 20 22 38 47 
12 13 17 18 20 22 38 
12 13 17 18 20 22 47 
12 13 17 18 20 22 
12 13 17 18 20 31 38 
12 13 17 18 20 31 
12 13 17 18 22 31 38 
12 13 17 20 22 31 38 
12 13 17 20 22 38 
12 13 17 20 31 38 
12 13 18 20 22 31 38 
12 14 15 16 17 18 20 22 31 38 47 
12 14 15 16 17 18 20 22 31 38 
12 14 15 16 17 18 20 22 31 47 
12 14 15 16 17 18 20 22 31 
12 14 15 16 17 18 20 22 38 47 
12 14 15 16 17 18 20 22 38 
12 14 15 16 17 18 20 22 47 
12 14 15 16 17 18 20 22 
12 14 15 16 17 18 20 31 38 47 
12 14 15 16 17 18 20 31 38 
12 14 15 16 17 18 20 31 47 
12 14 15 16 17 18 20 31 
12 14 15 16 17 18 20 38 47 
12 14 15 16 17 18 20 38 
12 14 15 16 17 18 20 47 
12 14 15 16 17 18 20 
12 14 15 16 17 18 22 31 38 47 
12 14 15 16 17 18 22 31 38 
12 14 15 16 17 18 22 31 47 
12 14 15 16 17 18 22 38 47 
12 14 15 16 17 18 22 38 
12 14 15 16 17 18 22 47 
12 14 15 16 17 18 31 38 47 
12 14 15 16 17 18 31 38 
12 14 15 16 17 18 31 47 
12 14 15 16 17 18 38 47 
12 14 15 16 17 18 38 
12 14 15 16 17 18 47 
12 14 15 16 17 20 22 31 38 47 
12 14 15 16 17 20 22 31 38 
12 14 15 16 17 20 22 31 47 
12 14 15 16 17 20 22 38 47 
12 14 15 16 17 20 22 38 
12 14 15 16 17 20 22 47 
12 14 15 16 17 20 31 38 47 
12 14 15 16 17 20 31 38 
12 14 15 16 17 20 31 47 
12 14 15 16 17 20 38 47 
12 14 15 16 17 20 38 
12 14 15 16 17 20 47 
12 14 15 16 17 22 31 38 47 
12 14 15 16 17 22 38 47 
12 14 15 16 17 31 38 47 
12 14 15 16 17 38 47 
12 14 15 16 18 20 22 31 38 47 
12 14 15 16 18 20 22 31 38 
12 14 15 16 18 20 22 31 47 
12 14 15 16 18 20 22 38 47 
12 14 15 16 18 20 22 38 
12 14 15 16 18 20 22 47 
12 14 15 16 18 20 31 38 47 
12 14 15 16 18 20 31 38 
12 14 15 16 18 20 31 47 
12 14 15 16 18 20 38 47 
12 14 15 16 18 20 38 
12 14 15 16 18 20 47 
12 14 15 16 18 22 31 38 47 
12 14 15 16 18 22 38 47 
12 14 15 16 18 31 38 47 
12 14 15 16 20 22 31 38 47 
12 14 15 16 20 22 38 47 
12 14 15 16 20 31 38 47 
12 14 15 16 20 38 47 
12 14 15 17 18 20 22 31 38 47 
12 14 15 17 18 20 22 31 38 
12 14 15 17 18 20 22 31 47 
12 14 15 17 18 20 22 31 
12 14 15 17 18 20 22 38 47 
12 14 15 17 18 20 22 38 
12 14 15 17 18 20 22 47 
12 14 15 17 18 20 22 
12 14 15 17 18 20 31 38 47 
12 14 15 17 18 20 31 38 
12 14 15 17 18 20 31 47 
12 14 15 17 18 20 31 
12 14 15 17 18 20 38 47 
12 14 15 17 18 20 38 
12 14 15 17 18 20 47 
12 14 15 17 18 20 
12 14 15 17 18 22 31 38 47 
12 14 15 17 18 22 31 38 
12 14 15 17 18 22 31 47 
12 14 15 17 18 22 31 
12 14 15 17 18 22 38 47 
12 14 15 17 18 22 38 
12 14 15 17 18 22 47 
12 14 15 17 18 22 
12 14 15 17 18 31 38 47 
12 14 15 17 18 31 38 
12 14 15 17 18 31 47 
12 14 15 17 18 31 
12 14 15 17 18 47 
12 14 15 17 20 22 31 38 47 
12 14 15 17 20 22 31 38 
12 14 15 17 20 22 31 47 
12 14 15 17 20 22 31 
12 14 15 17 20 22 38 47 
12 14 15 17 20 22 38 
12 14 15 17 20 22 47 
12 14 15 17 20 22 
12 14 15 17 20 31 38 47 
12 14 15 17 20 31 38 
12 14 15 17 20 31 47 
12 14 15 17 20 31 
12 14 15 17 20 38 47 
12 14 15 17 20 38 
12 14 15 17 20 47 
12 14 15 17 22 31 38 47 
12 14 15 17 22 31 38 
12 14 15 17 22 38 47 
12 14 15 17 22 38 
12 14 15 17 22 47 
12 14 15 17 31 38 
12 14 15 18 20 22 31 38 47 
12 14 15 18 20 22 31 38 
12 14 15 18 20 22 31 47 
12 14 15 18 20 22 31 
12 14 15 18 20 22 38 47 
12 14 15 18 20 22 38 
12 14 15 18 20 22 47 
12 14 15 18 20 22 
12 14 15 18 20 31 38 47 
12 14 15 18 20 31 38 
12 14 15 18 20 31 47 
12 14 15 18 20 31 
12 14 15 18 20 47 
12 14 15 18 22 31 38 47 
12 14 15 18 22 31 38 
12 14 15 18 22 47 
12 14 15 20 22 31 38 47 
12 14 15 20 22 31 38 
12 14 15 20 22 38 47 
12 14 15 20 22 38 
12 14 15 20 22 47 
12 14 15 20 31 38 
12 14 16 17 18 20 22 31 38 47 
12 14 16 17 18 20 22 31 38 
12 14 16 17 18 20 22 31 47 
12 14 16 17 18 20 22 38 47 
12 14 16 17 18 20 22 38 
12 14 16 17 18 20 22 47 
12 14 16 17 18 20 31 38 47 
12 14 16 17 18 20 31 38 
12 14 16 17 18 20 31 47 
12 14 16 17 18 20 38 47 
12 14 16 17 18 20 38 
12 14 16 17 18 20 47 
12 14 16 17 18 22 31 38 47 
12 14 16 17 18 22 38 47 
12 14 16 17 18 31 38 47 
12 14 16 17 20 22 31 38 47 
12 14 16 17 20 22 38 47 
12 14 16 17 20 31 38 47 
12 14 16 17 20 38 47 
12 14 16 18 20 22 31 38 47 
12 14 16 18 20 22 38 47 
12 14 16 18 20 31 38 47 
12 14 17 18 20 22 31 38 47 
12 14 17 18 20 22 31 38 
12 14 17 18 20 22 31 47 
12 14 17 18 20 22 31 
12 14 17 18 20 22 38 47 
12 14 17 18 20 22 38 
12 14 17 18 20 22 47 
12 14 17 18 20 22 
12 14 17 18 20 31 38 47 
12 14 17 18 20 31 38 
12 14 17 18 20 31 47 
12 14 17 18 20 31 
12 14 17 18 20 47 
12 14 17 18 22 31 38 47 
12 14 17 18 22 31 38 
12 14 17 18 22 47 
12 14 17 20 22 31 38 47 
12 14 17 20 22 31 38 
12 14 17 20 22 38 47 
12 14 17 20 22 38 
12 14 17 20 22 47 
12 14 17 20 31 38 
12 14 18 20 22 31 38 47 
12 14 18 20 22 31 38 
12 14 18 20 22 47 
12 15 16 17 18 20 22 31 38 47 
12 15 16 17 18 20 22 31 38 
12 15 16 17 18 20 22 31 47 
12 15 16 17 18 20 22 31 
12 15 16 17 18 20 22 38 47 
12 15 16 17 18 20 22 38 
12 15 16 17 18 20 22 47 
12 15 16 17 18 20 22 
12 15 16 17 18 20 31 38 47 
12 15 16 17 18 20 31 38 
12 15 16 17 18 20 31 47 
12 15 16 17 18 20 31 
12 15 16 17 18 20 38 47 
12 15 16 17 18 20 38 
12 15 16 17 18 20 47 
12 15 16 17 18 20 
12 15 16 17 18 22 31 38 47 
12 15 16 17 18 22 31 38 
12 15 16 17 18 22 38 47 
12 15 16 17 18 22 38 
12 15 16 17 18 22 47 
12 15 16 17 18 31 38 47 
12 15 16 17 18 31 38 
12 15 16 17 18 47 
12 15 16 17 20 22 31 38 47 
12 15 16 17 20 22 31 38 
12 15 16 17 20 22 38 47 
12 15 16 17 20 22 38 
12 15 16 17 20 22 47 
12 15 16 17 20 31 38 47 
12 15 16 17 20 31 38 
12 15 16 17 20 38 47 
12 15 16 17 20 38 
12 15 16 17 20 47 
12 15 16 17 22 38 47 
12 15 16 18 20 22 31 38 47 
12 15 16 18 20 22 31 38 
12 15 16 18 20 22 38 47 
12 15 16 18 20 22 38 
12 15 16 18 20 22 47 
12 15 16 18 20 31 38 47 
12 15 16 18 20 31 38 
12 15 16 18 20 47 
12 15 16 20 22 38 47 
12 15 17 18 20 22 31 38 47 
12 15 17 18 20 22 31 38 
12 15 17 18 20 22 31 47 
12 15 17 18 20 22 31 
12 15 17 18 20 22 38 47 
12 15 17 18 20 22 38 
12 15 17 18 20 22 47 
12 15 17 18 20 22 
12 15 17 18 20 31 38 47 
12 15 17 18 20 31 38 
12 15 17 18 20 31 47 
12 15 17 18 20 31 
12 15 17 18 20 47 
12 15 17 18 22 31 38 47 
12 15 17 18 22 31 38 
12 15 17 18 22 47 
12 15 17 20 22 31 38 47 
12 15 17 20 22 31 38 
12 15 17 20 22 38 47 
12 15 17 20 22 38 
12 15 17 20 22 47 
12 15 17 20 31 38 
12 15 18 20 22 31 38 47 
12 15 18 20 22 31 38 
12 15 18 20 22 47 
12 16 17 18 20 22 31 38 47 
12 16 17 18 20 22 31 38 
12 16 17 18 20 22 38 47 
12 16 17 18 20 22 38 
12 16 17 18 20 22 47 
12 16 17 18 20 31 38 47 
12 16 17 18 20 31 38 
12 16 17 18 20 47 
12 16 17 20 22 38 47 
12 17 18 20 22 31 38 47 
12 17 18 20 22 31 38 
12 17 18 20 22 47 
13 14 15 16 17 18 20 22 31 38 47 
13 14 15 16 17 18 20 22 31 38 
13 14 15 16 17 18 20 22 31 47 
13 14 15 16 17 18 20 22 31 
13 14 15 16 17 18 20 22 38 47 
13 14 15 16 17 18 20 22 38 
13 14 15 16 17 18 20 22 47 
13 14 15 16 17 18 20 22 
13 14 15 16 17 18 20 31 38 47 
13 14 15 16 17 18 20 31 38 
13 14 15 16 17 18 20 31 47 
13 14 15 16 17 18 20 31 
13 14 15 16 17 18 20 38 47 
13 14 15 16 17 18 20 38 
13 14 15 16 17 18 20 47 
13 14 15 16 17 18 20 
13 14 15 16 17 18 22 31 38 47 
13 14 15 16 17 18 22 31 38 
13 14 15 16 17 18 22 31 47 
13 14 15 16 17 18 22 38 47 
13 14 15 16 17 18 22 38 
13 14 15 16 17 18 22 47 
13 14 15 16 17 18 31 38 47 
13 14 15 16 17 18 31 38 
13 14 15 16 17 18 31 47 
13 14 15 16 17 18 38 47 
13 14 15 16 17 18 38 
13 14 15 16 17 18 47 
13 14 15 16 17 20 22 31 38 47 
13 14 15 16 17 20 22 31 38 
13 14 15 16 17 20 22 31 47 
13 14 15 16 17 20 22 38 47 
13 14 15 16 17 20 22 38 
13 14 15 16 17 20 22 47 
13 14 15 16 17 20 31 38 47 
13 14 15 16 17 20 31 38 
13 14 15 16 17 20 31 47 
13 14 15 16 17 20 38 47 
13 14 15 16 17 20 38 
13 14 15 16 17 20 47 
13 14 15 16 17 22 31 38 47 
13 14 15 16 17 22 38 47 
13 14 15 16 18 20 22 31 38 47 
13 14 15 16 18 20 22 31 38 
13 14 15 16 18 20 22 31 47 
13 14 15 16 18 20 22 38 47 
13 14 15 16 18 20 22 38 
13 14 15 16 18 20 22 47 
13 14 15 16 18 20 31 38 47 
13 14 15 16 18 20 31 38 
13 14 15 16 18 20 31 47 
13 14 15 16 18 20 38 47 
13 14 15 16 18 20 38 
13 14 15 16 18 20 47 
13 14 15 16 18 22 31 38 47 
13 14 15 16 18 22 38 47 
13 14 15 16 20 22 31 38 47 
13 14 15 16 20 22 38 47 
13 14 15 17 18 20 22 31 38 47 
13 14 15 17 18 20 22 31 38 
13 14 15 17 18 20 22 31 47 
13 14 15 17 18 20 22 31 
13 14 15 17 18 20 22 38 47 
13 14 15 17 18 20 22 38 
13 14 15 17 18 20 22 47 
13 14 15 17 18 20 22 
13 14 15 17 18 20 31 38 47 
13 14 15 17 18 20 31 38 
13 14 15 17 18 20 31 47 
13 14 15 17 18 20 31 
13 14 15 17 18 20 38 47 
13 14 15 17 18 20 38 
13 14 15 17 18 20 47 
13 14 15 17 18 20 
13 14 15 17 18 22 31 38 47 
13 14 15 17 18 22 31 38 
13 14 15 17 18 22 31 47 
13 14 15 17 18 22 31 
13 14 15 17 18 22 38 47 
13 14 15 17 18 22 38 
13 14 15 17 18 22 47 
13 14 15 17 18 22 
13 14 15 17 18 31 38 
13 14 15 17 18 31 
13 14 15 17 20 22 31 38 47 
13 14 15 17 20 22 31 38 
13 14 15 17 20 22 31 47 
13 14 15 17 20 22 31 
13 14 15 17 20 22 38 47 
13 14 15 17 20 22 38 
13 14 15 17 20 22 47 
13 14 15 17 20 22 
13 14 15 17 20 31 38 
13 14 15 17 20 31 
13 14 15 17 20 38 
13 14 15 17 22 31 38 
13 14 15 17 22 38 
13 14 15 17 31 38 
13 14 15 18 20 22 31 38 47 
13 14 15 18 20 22 31 38 
13 14 15 18 20 22 31 47 
13 14 15 18 20 22 31 
13 14 15 18 20 22 38 47 
13 14 15 18 20 22 38 
13 14 15 18 20 22 47 
13 14 15 18 20 22 
13 14 15 18 20 31 38 
13 14 15 18 20 31 
13 14 15 18 22 31 38 
13 14 15 20 22 31 38 
13 14 15 20 22 38 
13 14 15 20 31 38 
13 14 16 17 18 20 22 31 38 47 
13 14 16 17 18 20 22 31 38 
13 14 16 17 18 20 22 31 47 
13 14 16 17 18 20 22 38 47 
13 14 16 17 18 20 22 38 
13 14 16 17 18 20 22 47 
13 14 16 17 18 20 31 38 47 
13 14 16 17 18 20 31 38 
13 14 16 17 18 20 31 47 
13 14 16 17 18 20 38 47 
13 14 16 17 18 20 38 
13 14 16 17 18 20 47 
13 14 16 17 18 22 31 38 47 
13 14 16 17 18 22 38 47 
13 14 16 17 20 22 31 38 47 
13 14 16 17 20 22 38 47 
13 14 16 18 20 22 31 38 47 
13 14 16 18 20 22 38 47 
13 14 17 18 20 22 31 38 47 
13 14 17 18 20 22 31 38 
13 14 17 18 20 22 31 47 
13 14 17 18 20 22 31 
13 14 17 18 20 22 38 47 
13 14 17 18 20 22 38 
13 14 17 18 20 22 47 
13 14 17 18 20 22 
13 14 17 18 20 31 38 
13 14 17 18 20 31 
13 14 17 18 22 31 38 
13 14 17 20 22 31 38 
13 14 17 20 22 38 
13 14 17 20 31 38 
13 14 18 20 22 31 38 
13 15 16 17 18 20 22 31 38 47 
13 15 16 17 18 20 22 31 38 
13 15 16 17 18 20 22 31 47 
13 15 16 17 18 20 22 31 
13 15 16 17 18 20 22 38 47 
13 15 16 17 18 20 22 38 
13 15 16 17 18 20 22 47 
13 15 16 17 18 20 22 
13 15 16 17 18 20 31 38 47 
13 15 16 17 18 20 31 38 
13 15 16 17 18 20 31 47 
13 15 16 17 18 20 31 
13 15 16 17 18 20 38 47 
13 15 16 17 18 20 38 
13 15 16 17 18 20 47 
13 15 16 17 18 20 
13 15 16 17 18 22 31 38 47 
13 15 16 17 18 22 31 38 
13 15 16 17 18 22 38 47 
13 15 16 17 18 22 38 
13 15 16 17 18 22 47 
13 15 16 17 18 31 38 
13 15 16 17 20 22 31 38 47 
13 15 16 17 20 22 31 38 
13 15 16 17 20 22 38 47 
13 15 16 17 20 22 38 
13 15 16 17 20 22 47 
13 15 16 17 20 31 38 
13 15 16 17 20 38 
13 15 16 18 20 22 31 38 47 
13 15 16 18 20 22 31 38 
13 15 16 18 20 22 38 47 
13 15 16 18 20 22 38 
13 15 16 18 20 22 47 
13 15 16 18 20 31 38 
13 15 17 18 20 22 31 38 47 
13 15 17 18 20 22 31 38 
13 15 17 18 20 22 31 47 
13 15 17 18 20 22 31 
13 15 17 18 20 22 38 47 
13 15 17 18 20 22 38 
13 15 17 18 20 22 47 
13 15 17 18 20 22 
13 15 17 18 20 31 38 
13 15 17 18 20 31 
13 15 17 18 22 31 38 
13 15 17 20 22 31 38 
13 15 17 20 22 38 
13 15 17 20 31 38 
13 15 18 20 22 31 38 
13 16 17 18 20 22 31 38 47 
13 16 17 18 20 22 31 38 
13 16 17 18 20 22 38 47 
13 16 17 18 20 22 38 
13 16 17 18 20 22 47 
13 16 17 18 20 31 38 
13 17 18 20 22 31 38 
14 15 16 17 18 20 22 31 38 47 
14 15 16 17 18 20 22 31 38 
14 15 16 17 18 20 22 31 47 
14 15 16 17 18 20 22 38 47 
14 15 16 17 18 20 22 38 
14 15 16 17 18 20 22 47 
14 15 16 17 18 20 31 38 47 
14 15 16 17 18 20 31 38 
14 15 16 17 18 20 31 47 
14 15 16 17 18 20 38 47 
14 15 16 17 18 20 38 
14 15 16 17 18 20 47 
14 15 16 17 18 22 31 38 47 
14 15 16 17 18 22 38 47 
14 15 16 17 18 31 38 47 
14 15 16 17 20 22 31 38 47 
14 15 16 17 20 22 38 47 
14 15 16 17 20 31 38 47 
14 15 16 17 20 38 47 
14 15 16 18 20 22 31 38 47 
14 15 16 18 20 22 38 47 
14 15 16 18 20 31 38 47 
14 15 17 18 20 22 31 38 47 
14 15 17 18 20 22 31 38 
14 15 17 18 20 22 31 47 
14 15 17 18 20 22 31 
14 15 17 18 20 22 38 47 
14 15 17 18 20 22 38 
14 15 17 18 20 22 47 
14 15 17 18 20 22 
14 15 17 18 20 31 38 47 
14 15 17 18 20 31 38 
14 15 17 18 20 31 47 
14 15 17 18 20 31 
14 15 17 18 20 47 
14 15 17 18 22 31 38 47 
14 15 17 18 22 31 38 
14 15 17 18 22 47 
14 15 17 20 22 31 38 47 
14 15 17 20 22 31 38 
14 15 17 20 22 38 47 
14 15 17 20 22 38 
14 15 17 20 22 47 
14 15 17 20 31 38 
14 15 18 20 22 31 38 47 
14 15 18 20 22 31 38 
14 15 18 20 22 47 
14 16 17 18 20 22 31 38 47 
14 16 17 18 20 22 38 47 
14 16 17 18 20 31 38 47 
14 17 18 20 22 31 38 47 
14 17 18 20 22 31 38 
14 17 18 20 22 47 
15 16 17 18 20 22 31 38 47 
15 16 17 18 20 22 31 38 
15 16 17 18 20 22 38 47 
15 16 17 18 20 22 38 
15 16 17 18 20 22 47 
15 16 17 18 20 31 38 47 
15 16 17 18 20 31 38 
15 16 17 18 20 47 
15 16 17 20 22 38 47 
15 17 18 20 22 31 38 47 
15 17 18 20 22 31 38 
15 17 18 20 22 47 

